0.2
-1.17497
0.369732
1.07303
0.079075
0.3
-1.74376
0.595912
0.679955
0.0480815
0.4
-2.29827
0.881836
0.509105
0.0341426
0.5
-2.88271
1.31723
0.414196
0.0291773
0.6
-3.41963
2.12944
0.298108
0.0211483
0.7
-3.91312
3.57308
0.208587
0.014676
0.8
-4.33022
5.93713
0.140952
0.00944088
0.9
-4.50906
10.1459
0.083944
0.00555778
1
-4.46464
16.4467
0.0550321
0.00417094
1.1
-4.08579
25.8182
0.0240696
0.00174423
1.2
-3.24238
39.5422
0.0105374
0.000792128
