0.2
0
0
1
0
2
0
3
0
4
0
5
0
6
0
7
0
8
0
9
0
10
0
11
0
12
0
13
0
14
0
15
0
16
0
17
0
18
0
19
0
20
0
21
0
22
0
23
0
24
0
25
0
26
0
27
0
28
0
29
0
30
0
31
0
32
0
33
0.00037411
34
0.00140971
35
0.0174271
36
0.100595
37
0.288849
38
0.589169
39
0.920847
40
1.17855
41
1.40233
42
1.49229
43
1.52937
44
1.59807
45
1.58896
46
1.55105
47
1.51242
48
1.45551
49
1.39986
50
1.34935
51
1.31281
52
1.27356
53
1.2411
54
1.2052
55
1.17317
56
1.15376
57
1.11937
58
1.1047
59
1.08583
60
1.07599
61
1.06601
62
1.0679
63
1.04835
64
1.01405
65
1.01139
66
1.00235
67
1.00462
68
1.03167
69
1.02267
70
1.02524
71
1.00659
72
0.997261
73
1.00689
74
1.01547
75
0.994855
76
1.0019
77
1.00194
78
0.98638
79
0.995631
80
0.995953
81
0.993273
82
1.00045
83
1.0102
84
1.01319
85
1.01303
86
1.01867
87
1.02138
88
1.01745
89
1.02446
90
1.01898
91
1.01656
92
1.02786
93
1.02138
94
1.02668
95
1.02293
96
1.03986
97
1.03441
98
1.02607
99
1.02196
