9.16754e-319
0
2.95042e+263
0
2.1063e-308
0
2.10618e-308
0
2.10617e-308
0
2.10617e-308
0
9.38821e+265
0
2.1081e-308
0
2.10624e-308
0
1.5292e+256
0
5.21509e-310
0
0
0
4.94066e-324
0
3.39527e-314
0
0
0
2.1063e-308
0
2.55901e-308
0
4.00553e-308
0
1.89144e-308
0
3.33779e-308
0
5.56297e-308
0
3.22653e-308
0
4.00553e-308
0
4.45052e-308
0
4.45052e-308
0
1.057e-308
0
5.28494e-309
0
4.00553e-308
0
8.34442e-309
0
5.84121e-309
0
3.33778e-308
0
7.78818e-309
0
3.11527e-308
0
7.50994e-309
0
8.62249e-309
0
1.05698e-308
0
1.27949e-308
0
6.008e-308
0
6.89816e-308
0
9.98907e-303
0
1.5966e-155
0
4.66246e-155
0
1.3798e-307
0
1.31105e-155
0
9.38133e-156
0
4.84892e-155
0
3.50059e-303
0
3.38255e-307
0
4.09459e-307
0
4.80662e-307
0
5.51866e-307
0
6.76519e-307
0
8.18926e-307
0
9.61333e-307
0
1.10374e-306
0
1.35306e-306
0
1.63787e-306
0
1.92268e-306
0
2.2075e-306
0
2.70615e-306
0
6.50924e-313
0
3.78263e-308
0
3.78263e-308
0
3.91607e-308
0
1.86504e-317
0
8.9371e+265
0
2.10758e-308
0
7.78084e-316
0
6.50923e-313
0
4.78288e-011
0
6.68438e-314
0
4.77529e-315
0
3.78263e-308
0
1.19458e-300
0
-1.97244e+114
0
4.14452e-318
0
8.9371e+265
0
2.10773e-308
0
6.50923e-313
0
9.1955e-319
0
nan
0
3.86029e-308
0
8.00959e-319
0
2.10738e-308
0
1.19458e-300
0
3.78263e-308
0
3.18308e-315
0
3.78328e-308
0
9.18058e-319
0
4.77457e-315
0
3.18299e-315
0
6.79039e-314
0
2.43293e-316
0
5.92037e-313
0
3.78263e-308
0
2.10761e-308
0
3.78263e-308
0
2.10746e-308
0
5.30499e-316
0
1.82323e-305
0
