0
0
0.025
0
0.05
0
0.075
0
0.1
0
0.125
0
0.15
0
0.175
0
0.2
0
0.225
0
0.25
0
0.275
0
0.3
0
0.325
0
0.35
0
0.375
0
0.4
0
0.425
0
0.45
0
0.475
0
0.5
0
0.525
0
0.55
0
0.575
0
0.6
0
0.625
0
0.65
0
0.675
0
0.7
0
0.725
0
0.75
0
0.775
0
0.8
1.35992e-317
0.825
2.13777e-005
0.85
0.00354442
0.875
0.0390162
0.9
0.190574
0.925
0.528262
0.95
0.987497
0.975
1.47739
1
1.83893
1.025
2.04749
1.05
2.13228
1.075
2.09084
1.1
2.00098
1.125
1.90375
1.15
1.75245
1.175
1.60626
1.2
1.48382
1.225
1.37966
1.25
1.28663
1.275
1.2015
1.3
1.13047
1.325
1.07022
1.35
1.01103
1.375
0.955602
1.4
0.919997
1.425
0.899759
1.45
0.869347
1.475
0.842837
1.5
0.82872
1.525
0.825848
1.55
0.826605
1.575
0.835915
1.6
0.813589
1.625
0.822566
1.65
0.827274
1.675
0.831501
1.7
0.844449
1.725
0.854454
1.75
0.872189
1.775
0.890898
1.8
0.918236
1.825
0.941055
1.85
0.956954
1.875
0.986592
1.9
1.01452
1.925
1.03791
1.95
1.06733
1.975
1.08717
2
1.10526
2.025
1.11064
2.05
1.11396
2.075
1.11937
2.1
1.11627
2.125
1.11131
2.15
1.10357
2.175
1.09703
2.2
1.08406
2.225
1.07462
2.25
1.05948
2.275
1.05095
2.3
1.03616
2.325
1.01974
2.35
1.00972
2.375
0.998175
2.4
0.997243
2.425
0.986453
2.45
0.979519
2.475
0.980386
