0
0
0.025
0
0.05
0
0.075
0
0.1
0
0.125
0
0.15
0
0.175
0
0.2
0
0.225
0
0.25
0
0.275
0
0.3
0
0.325
0
0.35
0
0.375
0
0.4
0
0.425
0
0.45
0
0.475
0
0.5
0
0.525
0
0.55
0
0.575
0
0.6
0
0.625
0
0.65
0
0.675
0
0.7
0
0.725
0
0.75
0
0.775
0
0.8
0
0.825
0.00037411
0.85
0.00140971
0.875
0.0174271
0.9
0.100595
0.925
0.288849
0.95
0.589169
0.975
0.920847
1
1.17855
1.025
1.40233
1.05
1.49229
1.075
1.52937
1.1
1.59807
1.125
1.58896
1.15
1.55105
1.175
1.51242
1.2
1.45551
1.225
1.39986
1.25
1.34935
1.275
1.31281
1.3
1.27356
1.325
1.2411
1.35
1.2052
1.375
1.17317
1.4
1.15376
1.425
1.11937
1.45
1.1047
1.475
1.08583
1.5
1.07599
1.525
1.06601
1.55
1.0679
1.575
1.04835
1.6
1.01405
1.625
1.01139
1.65
1.00235
1.675
1.00462
1.7
1.03167
1.725
1.02267
1.75
1.02524
1.775
1.00659
1.8
0.997261
1.825
1.00689
1.85
1.01547
1.875
0.994855
1.9
1.0019
1.925
1.00194
1.95
0.98638
1.975
0.995631
2
0.995953
2.025
0.993273
2.05
1.00045
2.075
1.0102
2.1
1.01319
2.125
1.01303
2.15
1.01867
2.175
1.02138
2.2
1.01745
2.225
1.02446
2.25
1.01898
2.275
1.01656
2.3
1.02786
2.325
1.02138
2.35
1.02668
2.375
1.02293
2.4
1.03986
2.425
1.03441
2.45
1.02607
2.475
1.02196
