0
0
0.025
0
0.05
0
0.075
0
0.1
0
0.125
0
0.15
0
0.175
0
0.2
0
0.225
0
0.25
0
0.275
0
0.3
0
0.325
0
0.35
0
0.375
0
0.4
0
0.425
0
0.45
0
0.475
0
0.5
0
0.525
0
0.55
0
0.575
0
0.6
0
0.625
0
0.65
0
0.675
0
0.7
0
0.725
0
0.75
0
0.775
0
0.8
0
0.825
2.99288e-005
0.85
0.00279123
0.875
0.02791
0.9
0.128058
0.925
0.363951
0.95
0.723051
0.975
1.10965
1
1.43168
1.025
1.65956
1.05
1.76572
1.075
1.80313
1.1
1.79421
1.125
1.75325
1.15
1.67469
1.175
1.59799
1.2
1.52526
1.225
1.44178
1.25
1.36343
1.275
1.27466
1.3
1.2268
1.325
1.16618
1.35
1.11515
1.375
1.08649
1.4
1.04992
1.425
1.01157
1.45
0.986815
1.475
0.960221
1.5
0.940424
1.525
0.924305
1.55
0.925027
1.575
0.906307
1.6
0.897218
1.625
0.895105
1.65
0.884835
1.675
0.884549
1.7
0.886589
1.725
0.895924
1.75
0.907314
1.775
0.924799
1.8
0.926897
1.825
0.937648
1.85
0.943739
1.875
0.955577
1.9
0.973923
1.925
0.986696
1.95
1.00172
1.975
1.01105
2
1.0264
2.025
1.03951
2.05
1.04475
2.075
1.06179
2.1
1.05711
2.125
1.06294
2.15
1.06559
2.175
1.06822
2.2
1.05999
2.225
1.05326
2.25
1.05007
2.275
1.04127
2.3
1.03829
2.325
1.02897
2.35
1.03615
2.375
1.02277
2.4
1.0072
2.425
1.01136
2.45
1.0043
2.475
1.00528
