1.5915e-315
0
1.061e-315
0
1.061e-315
0
2.10375e-308
0
1.83908e-315
0
6.15379e-314
0
3.78263e-308
0
3.78263e-308
0
3.83499e-308
0
1.4822e-323
0
8.9371e+265
0
2.10412e-308
0
7.78084e-316
0
6.15388e-314
0
4.79201e-011
0
8.4889e-315
0
8.00698e-319
0
7.27214e+265
0
4.03102e+263
0
4.03102e+263
0
8.00757e-319
0
2.1039e-308
0
2.10385e-308
0
2.10374e-308
0
2.10373e-308
0
2.10373e-308
0
9.38821e+265
0
2.10565e-308
0
2.1038e-308
0
2.10702e-308
0
3.78263e-308
0
0
0
4.94066e-324
0
3.39527e-314
0
0
0
2.10385e-308
0
2.55901e-308
0
4.00553e-308
0
1.89144e-308
0
3.33779e-308
0
5.56297e-308
0
3.22653e-308
0
4.00553e-308
0
4.45052e-308
0
4.45052e-308
0
1.057e-308
0
5.28494e-309
0
4.00553e-308
0
8.34442e-309
0
1.05699e-308
0
2.78154e-308
0
1.22387e-308
0
2.78154e-308
0
6.10083e-314
0
8.00796e-319
0
2.10437e-308
0
8.73557e-315
0
3.78496e-308
0
8.00693e-319
0
2.10424e-308
0
2.10436e-308
0
3.47668e-310
0
8.25343e+265
0
8.00712e-319
0
2.1044e-308
0
1.03553e-312
0
4.77457e-315
0
5.30507e-315
0
8.00688e-319
0
2.10478e-308
0
8.19161e-320
0
1.54107e+266
0
1.25198e-313
0
1.061e-315
0
4.78961e-011
0
8.24728e+265
0
2.10464e-308
0
2.1045e-308
0
2.10448e-308
0
2.10497e-308
0
8.21765e+265
0
3.50838e-310
0
1.03553e-312
0
1.29881e-299
0
1.82091e-309
0
1.5915e-315
0
1.061e-315
0
1.061e-315
0
2.1049e-308
0
1.83908e-315
0
1.061e-315
0
2.10464e-308
0
8.00791e-319
0
6.81514e-314
0
9.88131e-324
0
0
0
0
0
0
0
0
0
0
0
