0
0
0.025
0
0.05
0
0.075
0
0.1
0
0.125
0
0.15
0
0.175
0
0.2
0
0.225
0
0.25
0
0.275
0
0.3
0
0.325
0
0.35
0
0.375
0
0.4
0
0.425
0
0.45
0
0.475
0
0.5
0
0.525
0
0.55
0
0.575
0
0.6
0
0.625
0
0.65
0
0.675
0
0.7
0
0.725
0
0.75
0
0.775
0
0.8
0
0.825
0.0010101
0.85
0.0349844
0.875
0.28502
0.9
1.00928
0.925
2.11708
0.95
3.09667
0.975
3.54282
1
3.49451
1.025
3.11273
1.05
2.61922
1.075
2.14922
1.1
1.73032
1.125
1.39765
1.15
1.13659
1.175
0.928609
1.2
0.779206
1.225
0.666056
1.25
0.581284
1.275
0.523181
1.3
0.483821
1.325
0.461013
1.35
0.440525
1.375
0.444307
1.4
0.445492
1.425
0.45441
1.45
0.476691
1.475
0.51362
1.5
0.562487
1.525
0.627091
1.55
0.695712
1.575
0.781285
1.6
0.897427
1.625
1.00474
1.65
1.10163
1.675
1.19695
1.7
1.28048
1.725
1.33631
1.75
1.36318
1.775
1.36863
1.8
1.36372
1.825
1.35214
1.85
1.34673
1.875
1.33286
1.9
1.3201
1.925
1.31188
1.95
1.28009
1.975
1.24073
2
1.18308
2.025
1.11894
2.05
1.0559
2.075
0.991971
2.1
0.930403
2.125
0.86481
2.15
0.810648
2.175
0.770452
2.2
0.742375
2.225
0.718876
2.25
0.709653
2.275
0.716683
2.3
0.73295
2.325
0.752393
2.35
0.762174
2.375
0.776756
2.4
0.804842
2.425
0.843851
2.45
0.882865
2.475
0.924941
