0.470518
0.470518
0.470518
1.29145
-0.734401
-0.958074
0.470518
0.470518
1.41155
1.04636
-0.0648239
-2.36131
0.470518
0.470518
2.35259
-0.204505
-0.442947
-2.28881
0.470518
0.470518
3.29363
2.00045
0.0596421
1.84987
0.470518
0.470518
4.23466
0.503018
1.9129
-1.47853
0.470518
1.41155
0.470518
-0.918524
-1.10101
1.49803
0.470518
1.41155
1.41155
-2.29001
0.156498
-2.35762
0.470518
1.41155
2.35259
-0.799816
1.25543
0.819148
0.470518
1.41155
3.29363
-0.115179
-1.81754
-0.793301
0.470518
1.41155
4.23466
-0.947167
-0.869941
1.03914
0.470518
2.35259
0.470518
1.20862
-0.991306
-1.52976
0.470518
2.35259
1.41155
0.849987
-0.115319
-0.523255
0.470518
2.35259
2.35259
-0.408405
1.50761
-1.06718
0.470518
2.35259
3.29363
1.90625
2.34433
-0.771006
0.470518
2.35259
4.23466
-1.18178
1.96517
-1.80881
0.470518
3.29363
0.470518
-2.24631
-0.996031
1.7759
0.470518
3.29363
1.41155
-0.806017
0.652886
-1.17807
0.470518
3.29363
2.35259
-1.99251
0.607559
2.16864
0.470518
3.29363
3.29363
-1.27081
-0.683611
-1.71742
0.470518
3.29363
4.23466
-1.71892
0.412813
1.418
0.470518
4.23466
0.470518
-1.48268
2.55738
-0.0599398
0.470518
4.23466
1.41155
-1.6603
-1.7446
-1.30829
0.470518
4.23466
2.35259
2.31051
-1.32026
1.19506
0.470518
4.23466
3.29363
-1.00062
0.233422
1.76615
0.470518
4.23466
4.23466
0.188826
2.31258
0.832436
1.41155
0.470518
0.470518
0.168303
-1.82093
-1.51765
1.41155
0.470518
1.41155
0.426242
-0.840116
0.182201
1.41155
0.470518
2.35259
-2.3538
2.60418
0.767915
1.41155
0.470518
3.29363
1.04621
1.0784
1.22975
1.41155
0.470518
4.23466
1.92766
0.102607
0.353618
1.41155
1.41155
0.470518
0.263978
-0.23757
1.83437
1.41155
1.41155
1.41155
-0.0859445
-1.27626
2.42185
1.41155
1.41155
2.35259
0.676207
1.63208
0.282157
1.41155
1.41155
3.29363
0.655094
-1.99973
1.80882
1.41155
1.41155
4.23466
0.882322
1.99677
-1.68612
1.41155
2.35259
0.470518
-1.87793
1.19962
-2.21174
1.41155
2.35259
1.41155
-0.278919
0.750776
-0.546583
1.41155
2.35259
2.35259
-0.360272
0.0884332
-1.06231
1.41155
2.35259
3.29363
-2.24336
-1.95027
2.22873
1.41155
2.35259
4.23466
-0.965475
-1.3052
1.26947
1.41155
3.29363
0.470518
1.70781
0.0500451
-1.56933
1.41155
3.29363
1.41155
-1.68437
0.484126
0.684051
1.41155
3.29363
2.35259
2.26636
1.2259
-1.7502
1.41155
3.29363
3.29363
1.49373
-1.76704
-1.92442
1.41155
3.29363
4.23466
0.7143
1.25809
-0.980959
1.41155
4.23466
0.470518
1.74399
-1.46481
1.69735
1.41155
4.23466
1.41155
1.58394
-1.23802
1.81665
1.41155
4.23466
2.35259
1.12505
0.8026
-0.124166
1.41155
4.23466
3.29363
-2.34302
-2.12833
0.542311
1.41155
4.23466
4.23466
-2.47797
-0.246577
0.701178
2.35259
0.470518
0.470518
-0.275523
-0.176149
1.625
2.35259
0.470518
1.41155
0.192074
0.215409
1.65704
2.35259
0.470518
2.35259
-1.51679
1.74577
1.71507
2.35259
0.470518
3.29363
0.361277
2.4304
-1.08461
2.35259
0.470518
4.23466
2.32498
0.73734
0.436743
2.35259
1.41155
0.470518
-1.73988
0.834639
-1.91601
2.35259
1.41155
1.41155
-1.65011
0.448543
2.18473
2.35259
1.41155
2.35259
0.893691
0.630739
-2.26962
2.35259
1.41155
3.29363
-1.17602
1.55678
-1.36602
2.35259
1.41155
4.23466
-0.197861
-1.00932
2.3656
2.35259
2.35259
0.470518
1.83272
0.0466492
-0.641077
2.35259
2.35259
1.41155
1.19681
-2.03384
-2.09658
2.35259
2.35259
2.35259
-1.86479
2.45993
-0.406466
2.35259
2.35259
3.29363
-0.107796
1.10601
-1.47041
2.35259
2.35259
4.23466
1.00088
0.773218
-2.09687
2.35259
3.29363
0.470518
-2.21147
-0.0525693
0.124914
2.35259
3.29363
1.41155
2.15326
-2.04093
2.25664
2.35259
3.29363
2.35259
-1.36648
-0.842331
2.33696
2.35259
3.29363
3.29363
0.104963
2.18649
-1.50186
2.35259
3.29363
4.23466
-2.18164
-1.32543
-0.45268
2.35259
4.23466
0.470518
2.21173
-0.982448
1.90981
2.35259
4.23466
1.41155
0.629403
0.689355
2.08655
2.35259
4.23466
2.35259
-0.962079
1.38285
-2.24319
2.35259
4.23466
3.29363
1.77898
-0.0950915
-1.68656
2.35259
4.23466
4.23466
-1.05244
-0.539951
-1.57775
3.29363
0.470518
0.470518
1.76215
0.135237
-1.92058
3.29363
0.470518
1.41155
0.126224
-1.37135
-0.24627
3.29363
0.470518
2.35259
-0.240826
-0.174968
-0.349327
3.29363
0.470518
3.29363
0.0633262
-0.984072
-0.912747
3.29363
0.470518
4.23466
1.83671
-1.6566
-0.920424
3.29363
1.41155
0.470518
-1.20954
-1.83762
-1.50127
3.29363
1.41155
1.41155
1.64787
0.269596
-2.10868
3.29363
1.41155
2.35259
1.27905
-0.618646
0.797149
3.29363
1.41155
3.29363
1.81028
0.603277
1.01847
3.29363
1.41155
4.23466
-1.55518
-0.820184
-0.46021
3.29363
2.35259
0.470518
-1.67004
-1.25943
0.555747
3.29363
2.35259
1.41155
1.72745
-1.44502
1.59754
3.29363
2.35259
2.35259
-0.0246712
-1.53361
-0.195332
3.29363
2.35259
3.29363
0.495931
-1.37932
1.32129
3.29363
2.35259
4.23466
0.0736615
-1.57023
0.0981897
3.29363
3.29363
0.470518
1.02524
1.43453
2.15786
3.29363
3.29363
1.41155
-0.964294
1.12978
0.586309
3.29363
3.29363
2.35259
0.135525
0.768198
-0.354495
3.29363
3.29363
3.29363
0.768929
-1.2147
-0.81781
3.29363
3.29363
4.23466
0.249804
-0.646699
-1.17615
3.29363
4.23466
0.470518
-0.262235
0.720656
-2.07694
3.29363
4.23466
1.41155
1.68271
2.06454
-1.24097
3.29363
4.23466
2.35259
-0.297374
2.15179
2.2528
3.29363
4.23466
3.29363
-2.40724
-0.556487
1.35998
3.29363
4.23466
4.23466
-2.16407
0.145572
0.489158
4.23466
0.470518
0.470518
1.92249
-0.63223
0.487829
4.23466
0.470518
1.41155
2.10159
1.86137
-0.141884
4.23466
0.470518
2.35259
0.920858
-1.55266
-0.362615
4.23466
0.470518
3.29363
-1.24187
2.35732
2.19211
4.23466
0.470518
4.23466
-1.26106
-0.267986
-1.51662
4.23466
1.41155
0.470518
-0.499207
1.81856
-1.20715
4.23466
1.41155
1.41155
-0.362782
1.21276
-0.536543
4.23466
1.41155
2.35259
-0.982012
2.61851
2.35969
4.23466
1.41155
3.29363
-2.32028
2.52859
2.22711
4.23466
1.41155
4.23466
1.14794
-0.907591
-1.27079
4.23466
2.35259
0.470518
0.316835
-2.15048
-1.41342
4.23466
2.35259
1.41155
1.95689
-1.27361
1.06749
4.23466
2.35259
2.35259
1.18086
-0.280683
1.73781
4.23466
2.35259
3.29363
1.38786
-1.09082
2.27066
4.23466
2.35259
4.23466
0.778969
-0.217195
-1.11709
4.23466
3.29363
0.470518
-2.48786
-2.1146
-0.309463
4.23466
3.29363
1.41155
1.4673
-1.03102
-0.770563
4.23466
3.29363
2.35259
-2.21796
-1.60345
-2.19963
4.23466
3.29363
3.29363
2.23166
0.295877
-1.66929
4.23466
3.29363
4.23466
-2.2156
1.32483
0.482366
4.23466
4.23466
0.470518
0.563996
-0.705906
-0.6867
4.23466
4.23466
1.41155
-1.87705
-1.20126
2.05982
4.23466
4.23466
2.35259
1.88396
-1.49139
0.721997
4.23466
4.23466
3.29363
0.0422128
-1.43528
1.40088
4.23466
4.23466
4.23466
1.02288
1.34284
1.74342
